28.233333333333334 67 23
28.233333333333334 67 23
28.166666666666668 67 23
28.033333333333335 67 23
28.166666666666668 67 23
28.166666666666668 67 23
28.04 67 23
26.14666666666667 66 22
45.663333333333334 114 27
83.97666666666667 159 23
59.10666666666667 494 23
28.04 67 23
25.14666666666667 66 21
43.73 114 26
40.14 494 24
204.87 494 23
28.24 67 23
28.166666666666668 67 23
28.233333333333334 67 23
28.24 49 23
26.643333333333334 59 19
38.32 494 19
204.28333333333333 494 19
390.32 494 19
27.523333333333333 494 25
199.39666666666668 494 19
